CARDINAL CMP ALL-TO-ALL COVERAGE REPORT
Packets delivered: 240 / 240
Coverage: 100%

Coverage matrix (src=row, dst=col):
     00 01 02 03 10 11 12 13 20 21 22 23 30 31 32 33
n00:  -  1  1  1  1  1  1  1  1  1  1  1  1  1  1  1 
n01:  1  -  1  1  1  1  1  1  1  1  1  1  1  1  1  1 
n02:  1  1  -  1  1  1  1  1  1  1  1  1  1  1  1  1 
n03:  1  1  1  -  1  1  1  1  1  1  1  1  1  1  1  1 
n10:  1  1  1  1  -  1  1  1  1  1  1  1  1  1  1  1 
n11:  1  1  1  1  1  -  1  1  1  1  1  1  1  1  1  1 
n12:  1  1  1  1  1  1  -  1  1  1  1  1  1  1  1  1 
n13:  1  1  1  1  1  1  1  -  1  1  1  1  1  1  1  1 
n20:  1  1  1  1  1  1  1  1  -  1  1  1  1  1  1  1 
n21:  1  1  1  1  1  1  1  1  1  -  1  1  1  1  1  1 
n22:  1  1  1  1  1  1  1  1  1  1  -  1  1  1  1  1 
n23:  1  1  1  1  1  1  1  1  1  1  1  -  1  1  1  1 
n30:  1  1  1  1  1  1  1  1  1  1  1  1  -  1  1  1 
n31:  1  1  1  1  1  1  1  1  1  1  1  1  1  -  1  1 
n32:  1  1  1  1  1  1  1  1  1  1  1  1  1  1  -  1 
n33:  1  1  1  1  1  1  1  1  1  1  1  1  1  1  1  - 
